function U = getU()
U = [1   0.1275   -0.8269 
2   0.1087   -0.8710 
3   0.0813   -0.9264 
4   0.0515   -0.9693 
5   0.0299   -0.9903 
6   0.1598   -0.7530 
7   0.0000   -1.0000 
8   0.1771   -0.7014 
9   0.1957   -0.6245 
10   0.2047   -0.5731 
11   0.2139   -0.4960 
12   0.2172   -0.4453 
13   0.2181   -0.3713 
14   0.2163   -0.3239 
15   0.2106   -0.2570 
16   0.1999   -0.1962 
17   0.1824   -0.1418 
18   0.1596   -0.0951 
19   0.1336   -0.0563 
20   0.1056   -0.0257 
21   0.0775   -0.0032 
22   0.0507   0.0116 
23   0.0344   0.0176 
24   0.0131   0.0216 
25   -0.0037   0.0206 
26   -0.0152   0.0161 
27   -0.0211   0.0097 
28   -0.0217   0.0029 
29   -0.0173   -0.0025 
30   -0.0094   -0.0049 
31   -0.0000   -0.0000 
32   -0.0000   -0.0000 
33   -0.0000   -0.0000 
34   -0.0000   -0.0000 
35   -0.0000   -0.0000 
36   -0.0000   -0.0000 
37   -0.0000   -0.0000 
38   -0.0000   -0.0000 
39   -0.0000   0.0000 
40   -0.1277   -0.1728 
41   -0.1088   -0.1288 
42   -0.0814   -0.0737 
43   -0.0513   -0.0305 
44   -0.0298   -0.0104 
45   -0.1599   -0.2469 
46   -0.2165   -0.6760 
47   -0.2183   -0.6286 
48   -0.2173   -0.5546 
49   -0.2140   -0.5038 
50   -0.2049   -0.4268 
51   -0.1959   -0.3753 
52   -0.1843   -0.3240 
53   -0.2108   -0.7428 
54   -0.2001   -0.8037 
55   -0.1826   -0.8581 
56   -0.1599   -0.9049 
57   -0.1338   -0.9437 
58   -0.1057   -0.9742 
59   -0.0776   -0.9967 
60   -0.0509   -1.0116 
61   -0.0270   -1.0196 
62   -0.0132   -1.0216 
63   0.0035   -1.0206 
64   0.0150   -1.0162 
65   0.0210   -1.0098 
66   0.0216   -1.0030 
67   0.0173   -0.9975 
68   0.0093   -0.9951 
69   0.0000   -1.0000 
70   0.0000   -1.0000 
71   0.0000   -1.0000 
72   0.0000   -1.0000 
73   0.0000   -1.0000 
74   0.0000   -1.0000 
75   0.0000   -1.0000 
76   0.0000   -1.0000 
77   0.0176   -1.0010 
78   -0.0178   0.0012 
79   0.0227   -0.9900 
80   0.0192   -0.9913 
81   0.0206   -0.9925 
82   0.0142   -0.9961 
83   0.0140   -0.9980 
84   0.0101   -0.9992 
85   0.0082   -0.9999 
86   0.0071   -1.0001 
87   0.0061   -0.9994 
88   0.0348   -0.9846 
89   0.0317   -0.9890 
90   0.0285   -0.9932 
91   0.0203   -0.9971 
92   0.0197   -0.9993 
93   0.0150   -1.0004 
94   0.0138   -1.0009 
95   0.0125   -0.9996 
96   0.0672   -0.9526 
97   0.0558   -0.9693 
98   0.0472   -0.9785 
99   0.0431   -0.9836 
100   0.0346   -0.9919 
101   0.0307   -0.9958 
102   0.0214   -1.0020 
103   0.0186   -1.0021 
104   0.0873   -0.9135 
105   0.0720   -0.9421 
106   0.0600   -0.9623 
107   0.0506   -0.9759 
108   0.0441   -0.9837 
109   0.0376   -0.9916 
110   0.0322   -0.9974 
111   0.0276   -1.0018 
112   0.0241   -1.0040 
113   0.0226   -1.0051 
114   0.0218   -1.0043 
115   0.1263   -0.7791 
116   0.1119   -0.8354 
117   0.0952   -0.8645 
118   0.0797   -0.9027 
119   0.0631   -0.9388 
120   0.0555   -0.9560 
121   0.0499   -0.9715 
122   0.0429   -0.9814 
123   0.0344   -0.9938 
124   0.0313   -0.9989 
125   0.0270   -1.0045 
126   0.0244   -1.0075 
127   0.0227   -1.0080 
128   0.1313   -0.0928 
129   0.1396   -0.1321 
130   0.1523   -0.1677 
131   0.1449   -0.2077 
132   0.1563   -0.2626 
133   0.1562   -0.3042 
134   0.1553   -0.3507 
135   0.1548   -0.3977 
136   0.1539   -0.4458 
137   0.1508   -0.4941 
138   0.1413   -0.5664 
139   0.1320   -0.6156 
140   0.1211   -0.6666 
141   0.1083   -0.7173 
142   0.0923   -0.7658 
143   0.0838   -0.8186 
144   0.0709   -0.8626 
145   0.0630   -0.9041 
146   0.0526   -0.9268 
147   0.0439   -0.9521 
148   0.0429   -0.9686 
149   0.0369   -0.9807 
150   0.0298   -0.9943 
151   0.0266   -1.0010 
152   0.0232   -1.0070 
153   0.0211   -1.0108 
154   0.0203   -1.0117 
155   0.0859   -0.0372 
156   0.1009   -0.0734 
157   0.0990   -0.0918 
158   0.1030   -0.1251 
159   0.0982   -0.1594 
160   0.1162   -0.1993 
161   0.1154   -0.2294 
162   0.1164   -0.2819 
163   0.1167   -0.3295 
164   0.1064   -0.3811 
165   0.0954   -0.4355 
166   0.1120   -0.5171 
167   0.1023   -0.5601 
168   0.0920   -0.6093 
169   0.0826   -0.6601 
170   0.0724   -0.7084 
171   0.0549   -0.7720 
172   0.0493   -0.8176 
173   0.0404   -0.8678 
174   0.0347   -0.9023 
175   0.0330   -0.9206 
176   0.0269   -0.9468 
177   0.0314   -0.9667 
178   0.0249   -0.9821 
179   0.0207   -0.9914 
180   0.0153   -1.0016 
181   0.0135   -1.0100 
182   0.0120   -1.0153 
183   0.0523   0.0023 
184   0.0533   -0.0195 
185   0.0592   -0.0382 
186   0.0634   -0.0651 
187   0.0682   -0.0912 
188   0.0696   -0.1218 
189   0.0723   -0.1542 
190   0.0786   -0.1909 
191   0.0833   -0.2374 
192   0.0722   -0.2805 
193   0.0811   -0.3260 
194   0.0748   -0.3878 
195   0.0589   -0.4492 
196   0.0622   -0.5062 
197   0.0614   -0.5531 
198   0.0543   -0.6038 
199   0.0453   -0.6528 
200   0.0326   -0.7033 
201   0.0261   -0.7633 
202   0.0184   -0.8220 
203   0.0204   -0.8611 
204   0.0182   -0.8873 
205   0.0063   -0.9169 
206   0.0117   -0.9453 
207   0.0073   -0.9653 
208   0.0069   -0.9828 
209   0.0084   -0.9943 
210   0.0044   -1.0041 
211   0.0030   -1.0127 
212   0.0059   -1.0183 
213   0.0236   0.0087 
214   0.0311   -0.0033 
215   0.0380   -0.0188 
216   0.0301   -0.0362 
217   0.0468   -0.0618 
218   0.0397   -0.0895 
219   0.0406   -0.1166 
220   0.0359   -0.1555 
221   0.0424   -0.1961 
222   0.0445   -0.2468 
223   0.0374   -0.2867 
224   0.0447   -0.3295 
225   0.0493   -0.3833 
226   0.0237   -0.4261 
227   0.0255   -0.5002 
228   0.0229   -0.5520 
229   -0.0031   -0.5973 
230   0.0044   -0.6630 
231   -0.0062   -0.7263 
232   -0.0016   -0.7691 
233   -0.0111   -0.8137 
234   -0.0127   -0.8603 
235   -0.0101   -0.8872 
236   -0.0260   -0.9144 
237   -0.0109   -0.9382 
238   -0.0127   -0.9679 
239   -0.0141   -0.9795 
240   -0.0079   -0.9938 
241   -0.0097   -1.0066 
242   -0.0053   -1.0148 
243   0.0088   0.0179 
244   0.0123   0.0071 
245   0.0179   -0.0040 
246   0.0099   -0.0185 
247   0.0133   -0.0372 
248   0.0121   -0.0572 
249   0.0129   -0.0841 
250   0.0137   -0.1165 
251   0.0098   -0.1542 
252   0.0031   -0.1982 
253   0.0146   -0.2352 
254   -0.0038   -0.2953 
255   -0.0008   -0.3397 
256   0.0005   -0.3944 
257   -0.0172   -0.4463 
258   -0.0345   -0.5114 
259   -0.0147   -0.5491 
260   -0.0452   -0.6217 
261   -0.0505   -0.6718 
262   -0.0315   -0.7067 
263   -0.0464   -0.7507 
264   -0.0424   -0.8002 
265   -0.0370   -0.8427 
266   -0.0425   -0.8821 
267   -0.0426   -0.9091 
268   -0.0453   -0.9450 
269   -0.0332   -0.9620 
270   -0.0406   -0.9807 
271   -0.0349   -0.9962 
272   -0.0290   -1.0123 
273   -0.0123   0.0154 
274   -0.0130   0.0095 
275   -0.0188   0.0016 
276   -0.0203   -0.0079 
277   -0.0209   -0.0174 
278   -0.0208   -0.0339 
279   -0.0277   -0.0533 
280   -0.0338   -0.0806 
281   -0.0394   -0.1050 
282   -0.0430   -0.1363 
283   -0.0530   -0.1842 
284   -0.0527   -0.2237 
285   -0.0710   -0.2895 
286   -0.0825   -0.3391 
287   -0.0947   -0.3885 
288   -0.1042   -0.4354 
289   -0.1084   -0.4801 
290   -0.0932   -0.5642 
291   -0.1052   -0.6192 
292   -0.1166   -0.6703 
293   -0.1165   -0.7179 
294   -0.1155   -0.7705 
295   -0.1164   -0.8005 
296   -0.0984   -0.8404 
297   -0.1032   -0.8748 
298   -0.0994   -0.9082 
299   -0.1015   -0.9265 
300   -0.0867   -0.9626 
301   -0.0535   -1.0020 
302   -0.0552   -0.9803 
303   -0.0610   -0.9614 
304   -0.0655   -0.9345 
305   -0.0692   -0.9083 
306   -0.0702   -0.8774 
307   -0.0726   -0.8450 
308   -0.0789   -0.8081 
309   -0.0837   -0.7621 
310   -0.0722   -0.7180 
311   -0.0816   -0.6743 
312   -0.0721   -0.6143 
313   -0.0630   -0.5537 
314   -0.0717   -0.4975 
315   -0.0673   -0.4504 
316   -0.0364   -0.3868 
317   -0.0411   -0.3474 
318   -0.0380   -0.2951 
319   -0.0180   -0.2346 
